first_term=3.773199616177796767e-74
second_term=1.017252604166666653e-06
B=1.017252604166666653e-06
-log2(B)=19.906890595609
samples=262144 Q_times_B=0.266666666667 loss_factor=1.363636363636
samples=524288 Q_times_B=0.533333333333 loss_factor=2.142857142857
samples=491520 Q_times_B=0.500000000000 loss_factor=2.000000000000
samples=900000 Q_times_B=0.915527343750 loss_factor=11.838150289017
