B=1.017252604166666653e-06 log2(B)=-19.906891
Q_cpl=262144 (response_oblivious_Q_s) Q_cpl*B=0.266666666667 sampler_factor=1.363636363636
salt_prequery=9.723461371658033917e-63 log2=-206.000000
salt_repeat=2.967353600951088575e-67 log2=-221.000006
Q_cred=4294967296 credential_collision=7.965459553807658310e-59 log2=-193.000000
unqueried_target=8.636168555094444625e-78 log2=-256.000000
safe_cap_union_bound=0.533333333333 for_Q_try=524288 (uses E[p_K^256] <= B, not B^256)
